"infert" <-
structure(list(education = structure(factor(c(1, 1, 1, 1, 2, 
2, 2, 2, 2, 2, 2, 2, 2, 2, 2, 2, 2, 2, 2, 2, 2, 2, 2, 2, 2, 2, 
2, 2, 2, 2, 2, 2, 2, 2, 2, 2, 2, 2, 2, 2, 2, 2, 2, 2, 3, 3, 3, 
3, 3, 3, 3, 3, 3, 3, 3, 3, 3, 3, 3, 3, 3, 3, 3, 3, 3, 3, 3, 3, 
3, 3, 3, 3, 3, 3, 3, 3, 3, 3, 3, 3, 3, 3, 3, 1, 1, 1, 1, 2, 2, 
2, 2, 2, 2, 2, 2, 2, 2, 2, 2, 2, 2, 2, 2, 2, 2, 2, 2, 2, 2, 2, 
2, 2, 2, 2, 2, 2, 2, 2, 2, 2, 2, 2, 2, 2, 2, 2, 2, 3, 3, 3, 3, 
3, 3, 3, 3, 3, 3, 3, 3, 3, 3, 3, 3, 3, 3, 3, 3, 3, 3, 3, 3, 3, 
3, 3, 3, 3, 3, 3, 3, 3, 3, 3, 3, 3, 3, 1, 1, 1, 1, 2, 2, 2, 2, 
2, 2, 2, 2, 2, 2, 2, 2, 2, 2, 2, 2, 2, 2, 2, 2, 2, 2, 2, 2, 2, 
2, 2, 2, 2, 2, 2, 2, 2, 2, 2, 2, 2, 2, 2, 2, 3, 3, 3, 3, 3, 3, 
3, 3, 3, 3, 3, 3, 3, 3, 3, 3, 3, 3, 3, 3, 3, 3, 3, 3, 3, 3, 3, 
3, 3, 3, 3, 3, 3, 3, 3, 3, 3, 3, 3), levels=1:3), class = "factor", .Label = c("0-5yrs", 
"6-11yrs", "12+ yrs")), age = c(26, 42, 39, 34, 35, 36, 23, 32, 
21, 28, 29, 37, 31, 29, 31, 27, 30, 26, 25, 44, 40, 35, 28, 36, 
27, 40, 38, 34, 28, 30, 32, 34, 42, 32, 39, 35, 36, 34, 30, 28, 
39, 35, 41, 37, 30, 37, 28, 27, 26, 38, 24, 36, 27, 28, 29, 36, 
28, 28, 28, 27, 35, 25, 34, 31, 26, 32, 21, 28, 37, 25, 32, 25, 
31, 38, 26, 31, 31, 25, 31, 34, 35, 29, 23, 26, 42, 39, 34, 35, 
36, 23, 32, 21, 28, 29, 37, 31, 29, 31, 27, 30, 26, 25, 44, 40, 
35, 28, 36, 27, 40, 38, 34, 28, 30, 32, 34, 42, 32, 39, 35, 36, 
34, 30, 28, 39, 35, 41, 37, 30, 37, 28, 27, 26, 38, 24, 36, 27, 
28, 29, 36, 28, 28, 28, 27, 35, 25, 34, 31, 26, 32, 21, 28, 37, 
25, 32, 25, 31, 26, 31, 31, 25, 31, 34, 35, 29, 23, 26, 42, 39, 
34, 35, 36, 23, 32, 21, 28, 29, 37, 31, 29, 31, 27, 30, 26, 25, 
44, 40, 35, 28, 36, 27, 40, 38, 34, 28, 30, 32, 34, 42, 32, 39, 
35, 36, 34, 30, 28, 39, 35, 41, 37, 30, 37, 28, 27, 26, 38, 24, 
36, 27, 28, 29, 36, 28, 28, 28, 27, 35, 25, 34, 31, 26, 32, 21, 
28, 37, 25, 32, 25, 31, 38, 26, 31, 31, 25, 31, 34, 35, 29, 23
), parity = c(6, 1, 6, 4, 3, 4, 1, 2, 1, 2, 2, 4, 1, 3, 2, 2, 
5, 1, 3, 1, 1, 2, 2, 1, 2, 2, 2, 3, 4, 4, 1, 2, 1, 2, 1, 2, 1, 
3, 3, 1, 3, 1, 1, 2, 1, 1, 2, 4, 2, 3, 3, 5, 3, 1, 2, 2, 2, 2, 
1, 2, 2, 1, 1, 2, 2, 1, 1, 3, 3, 1, 1, 1, 1, 6, 2, 1, 2, 1, 1, 
1, 2, 1, 1, 6, 1, 6, 4, 3, 4, 1, 2, 1, 2, 2, 4, 1, 3, 2, 2, 5, 
1, 3, 1, 1, 2, 2, 1, 2, 2, 2, 3, 4, 4, 1, 2, 1, 2, 1, 2, 1, 3, 
3, 1, 3, 1, 1, 2, 1, 1, 2, 4, 2, 3, 3, 5, 3, 1, 2, 2, 2, 2, 1, 
2, 2, 1, 1, 2, 2, 1, 1, 3, 3, 1, 1, 1, 1, 2, 1, 2, 1, 1, 1, 2, 
1, 1, 6, 1, 6, 4, 3, 4, 1, 2, 1, 2, 2, 4, 1, 3, 2, 2, 5, 1, 3, 
1, 1, 2, 2, 1, 2, 2, 2, 3, 4, 4, 1, 2, 1, 2, 1, 2, 1, 3, 3, 1, 
3, 1, 1, 2, 1, 1, 2, 4, 2, 3, 3, 5, 3, 1, 2, 2, 2, 2, 1, 2, 2, 
1, 1, 2, 2, 1, 1, 3, 3, 1, 1, 1, 1, 6, 2, 1, 2, 1, 1, 1, 2, 1, 
1), induced = c(1, 1, 2, 2, 1, 2, 0, 0, 0, 0, 1, 2, 1, 2, 1, 
2, 2, 0, 2, 0, 0, 2, 0, 0, 1, 0, 0, 0, 1, 2, 0, 1, 1, 0, 1, 0, 
0, 1, 0, 0, 0, 0, 0, 1, 0, 1, 0, 2, 2, 0, 1, 1, 1, 0, 0, 0, 1, 
0, 0, 0, 0, 0, 0, 0, 1, 0, 0, 1, 0, 1, 1, 0, 0, 0, 0, 0, 0, 1, 
0, 0, 2, 0, 0, 2, 0, 2, 0, 2, 1, 0, 2, 0, 0, 0, 1, 0, 0, 1, 1, 
0, 0, 0, 0, 0, 0, 0, 0, 0, 0, 0, 0, 0, 1, 0, 1, 1, 0, 0, 0, 0, 
2, 0, 1, 1, 0, 0, 0, 1, 0, 1, 2, 1, 1, 2, 1, 1, 1, 1, 1, 1, 2, 
1, 1, 2, 1, 0, 0, 0, 0, 0, 2, 1, 0, 1, 0, 0, 0, 0, 2, 0, 0, 0, 
0, 0, 0, 2, 0, 2, 0, 0, 0, 0, 0, 1, 0, 0, 0, 0, 0, 1, 0, 1, 1, 
1, 1, 0, 0, 2, 0, 0, 0, 0, 0, 2, 1, 0, 0, 0, 2, 0, 0, 0, 2, 0, 
0, 0, 0, 0, 0, 0, 0, 1, 2, 1, 1, 2, 2, 2, 0, 1, 0, 2, 1, 0, 1, 
1, 1, 0, 1, 0, 1, 0, 2, 0, 1, 0, 1, 0, 0, 1, 1, 0, 0, 0, 0, 2, 
0, 0), case = c(1, 1, 1, 1, 1, 1, 1, 1, 1, 1, 1, 1, 1, 1, 1, 
1, 1, 1, 1, 1, 1, 1, 1, 1, 1, 1, 1, 1, 1, 1, 1, 1, 1, 1, 1, 1, 
1, 1, 1, 1, 1, 1, 1, 1, 1, 1, 1, 1, 1, 1, 1, 1, 1, 1, 1, 1, 1, 
1, 1, 1, 1, 1, 1, 1, 1, 1, 1, 1, 1, 1, 1, 1, 1, 1, 1, 1, 1, 1, 
1, 1, 1, 1, 1, 0, 0, 0, 0, 0, 0, 0, 0, 0, 0, 0, 0, 0, 0, 0, 0, 
0, 0, 0, 0, 0, 0, 0, 0, 0, 0, 0, 0, 0, 0, 0, 0, 0, 0, 0, 0, 0, 
0, 0, 0, 0, 0, 0, 0, 0, 0, 0, 0, 0, 0, 0, 0, 0, 0, 0, 0, 0, 0, 
0, 0, 0, 0, 0, 0, 0, 0, 0, 0, 0, 0, 0, 0, 0, 0, 0, 0, 0, 0, 0, 
0, 0, 0, 0, 0, 0, 0, 0, 0, 0, 0, 0, 0, 0, 0, 0, 0, 0, 0, 0, 0, 
0, 0, 0, 0, 0, 0, 0, 0, 0, 0, 0, 0, 0, 0, 0, 0, 0, 0, 0, 0, 0, 
0, 0, 0, 0, 0, 0, 0, 0, 0, 0, 0, 0, 0, 0, 0, 0, 0, 0, 0, 0, 0, 
0, 0, 0, 0, 0, 0, 0, 0, 0, 0, 0, 0, 0, 0, 0, 0, 0, 0, 0, 0, 0, 
0, 0), sponanteous = c(2, 0, 0, 0, 1, 1, 0, 0, 1, 0, 0, 1, 0, 
0, 1, 0, 1, 1, 1, 1, 1, 0, 2, 1, 1, 2, 2, 2, 2, 0, 1, 0, 0, 2, 
0, 2, 1, 2, 0, 1, 2, 0, 0, 1, 0, 0, 2, 0, 0, 2, 2, 2, 1, 1, 2, 
2, 0, 2, 1, 2, 2, 1, 1, 2, 0, 1, 1, 2, 2, 0, 0, 1, 1, 2, 2, 1, 
1, 0, 1, 1, 0, 1, 1, 0, 0, 0, 1, 0, 1, 0, 0, 1, 1, 0, 1, 0, 1, 
0, 0, 2, 0, 1, 0, 0, 0, 0, 0, 1, 0, 0, 0, 2, 1, 0, 0, 0, 0, 0, 
0, 0, 0, 2, 0, 0, 0, 0, 0, 0, 0, 0, 1, 0, 0, 1, 1, 1, 0, 0, 0, 
1, 0, 0, 0, 0, 0, 0, 0, 1, 0, 1, 0, 1, 0, 0, 0, 1, 2, 0, 0, 0, 
0, 0, 0, 1, 1, 0, 0, 0, 2, 0, 2, 0, 1, 0, 1, 1, 1, 0, 2, 0, 0, 
2, 0, 1, 0, 0, 0, 0, 1, 2, 0, 0, 0, 1, 1, 0, 0, 0, 0, 0, 0, 0, 
0, 1, 0, 0, 0, 0, 0, 0, 1, 0, 0, 0, 0, 0, 1, 0, 1, 1, 1, 0, 0, 
0, 0, 0, 0, 0, 0, 2, 0, 0, 0, 2, 0, 0, 0, 0, 2, 1, 0, 1, 1, 1, 
0, 0, 1, 1), stratum = c(1, 2, 3, 4, 5, 6, 7, 8, 9, 10, 11, 12, 
13, 14, 15, 16, 17, 18, 19, 20, 21, 22, 23, 24, 25, 26, 27, 28, 
29, 30, 31, 32, 33, 34, 35, 36, 37, 38, 39, 40, 41, 42, 43, 44, 
45, 46, 47, 48, 49, 50, 51, 52, 53, 54, 55, 56, 57, 58, 59, 60, 
61, 62, 63, 64, 65, 66, 67, 68, 69, 70, 71, 72, 73, 74, 75, 76, 
77, 78, 79, 80, 81, 82, 83, 1, 2, 3, 4, 5, 6, 7, 8, 9, 10, 11, 
12, 13, 14, 15, 16, 17, 18, 19, 20, 21, 22, 23, 24, 25, 26, 27, 
28, 29, 30, 31, 32, 33, 34, 35, 36, 37, 38, 39, 40, 41, 42, 43, 
44, 45, 46, 47, 48, 49, 50, 51, 52, 53, 54, 55, 56, 57, 58, 59, 
60, 61, 62, 63, 64, 65, 66, 67, 68, 69, 70, 71, 72, 73, 75, 76, 
77, 78, 79, 80, 81, 82, 83, 1, 2, 3, 4, 5, 6, 7, 8, 9, 10, 11, 
12, 13, 14, 15, 16, 17, 18, 19, 20, 21, 22, 23, 24, 25, 26, 27, 
28, 29, 30, 31, 32, 33, 34, 35, 36, 37, 38, 39, 40, 41, 42, 43, 
44, 45, 46, 47, 48, 49, 50, 51, 52, 53, 54, 55, 56, 57, 58, 59, 
60, 61, 62, 63, 64, 65, 66, 67, 68, 69, 70, 71, 72, 73, 74, 75, 
76, 77, 78, 79, 80, 81, 82, 83), pooled.stratum = c(3, 1, 4, 
2, 32, 36, 6, 22, 5, 19, 20, 37, 9, 29, 21, 18, 38, 7, 28, 17, 
14, 24, 19, 12, 18, 27, 26, 31, 34, 35, 10, 23, 16, 22, 13, 24, 
12, 31, 30, 8, 33, 11, 15, 25, 44, 48, 51, 61, 49, 60, 56, 62, 
57, 42, 52, 55, 51, 51, 42, 50, 54, 41, 47, 53, 49, 46, 39, 58, 
59, 41, 46, 41, 45, 63, 49, 45, 53, 41, 45, 47, 54, 43, 40, 3, 
1, 4, 2, 32, 36, 6, 22, 5, 19, 20, 37, 9, 29, 21, 18, 38, 7, 
28, 17, 14, 24, 19, 12, 18, 27, 26, 31, 34, 35, 10, 23, 16, 22, 
13, 24, 12, 31, 30, 8, 33, 11, 15, 25, 44, 48, 51, 61, 49, 60, 
56, 62, 57, 42, 52, 55, 51, 51, 42, 50, 54, 41, 47, 53, 49, 46, 
39, 58, 59, 41, 46, 41, 45, 49, 45, 53, 41, 45, 47, 54, 43, 40, 
3, 1, 4, 2, 32, 36, 6, 22, 5, 19, 20, 37, 9, 29, 21, 18, 38, 
7, 28, 17, 14, 24, 19, 12, 18, 27, 26, 31, 34, 35, 10, 23, 16, 
22, 13, 24, 12, 31, 30, 8, 33, 11, 15, 25, 44, 48, 51, 61, 49, 
60, 56, 62, 57, 42, 52, 55, 51, 51, 42, 50, 54, 41, 47, 53, 49, 
46, 39, 58, 59, 41, 46, 41, 45, 63, 49, 45, 53, 41, 45, 47, 54, 
43, 40)), class = "data.frame", row.names = c("1", "2", "3", 
"4", "5", "6", "7", "8", "9", "10", "11", "12", "13", "14", "15", 
"16", "17", "18", "19", "20", "21", "22", "23", "24", "25", "26", 
"27", "28", "29", "30", "31", "32", "33", "34", "35", "36", "37", 
"38", "39", "40", "41", "42", "43", "44", "45", "46", "47", "48", 
"49", "50", "51", "52", "53", "54", "55", "56", "57", "58", "59", 
"60", "61", "62", "63", "64", "65", "66", "67", "68", "69", "70", 
"71", "72", "73", "74", "75", "76", "77", "78", "79", "80", "81", 
"82", "83", "84", "85", "86", "87", "88", "89", "90", "91", "92", 
"93", "94", "95", "96", "97", "98", "99", "100", "101", "102", 
"103", "104", "105", "106", "107", "108", "109", "110", "111", 
"112", "113", "114", "115", "116", "117", "118", "119", "120", 
"121", "122", "123", "124", "125", "126", "127", "128", "129", 
"130", "131", "132", "133", "134", "135", "136", "137", "138", 
"139", "140", "141", "142", "143", "144", "145", "146", "147", 
"148", "149", "150", "151", "152", "153", "154", "155", "156", 
"157", "158", "159", "160", "161", "162", "163", "164", "165", 
"166", "167", "168", "169", "170", "171", "172", "173", "174", 
"175", "176", "177", "178", "179", "180", "181", "182", "183", 
"184", "185", "186", "187", "188", "189", "190", "191", "192", 
"193", "194", "195", "196", "197", "198", "199", "200", "201", 
"202", "203", "204", "205", "206", "207", "208", "209", "210", 
"211", "212", "213", "214", "215", "216", "217", "218", "219", 
"220", "221", "222", "223", "224", "225", "226", "227", "228", 
"229", "230", "231", "232", "233", "234", "235", "236", "237", 
"238", "239", "240", "241", "242", "243", "244", "245", "246", 
"247", "248"))
